# Intensity Error [H,H,0] [0,0,L] DeltaE [H,-H,0]
#  shape: 12x50x1x1
0.000000e+00 0.000000e+00 2.125000e-01 5.000000e-02 1.075000e+00 0.000000e+00
0.000000e+00 0.000000e+00 2.125000e-01 1.500000e-01 1.075000e+00 0.000000e+00
1.511034e-04 8.723958e-05 2.125000e-01 2.500000e-01 1.075000e+00 0.000000e+00
1.547243e-04 8.933012e-05 2.125000e-01 3.500000e-01 1.075000e+00 0.000000e+00
1.590586e-04 9.183252e-05 2.125000e-01 4.500000e-01 1.075000e+00 0.000000e+00
0.000000e+00 0.000000e+00 2.125000e-01 5.500000e-01 1.075000e+00 0.000000e+00
5.063873e-04 1.687972e-04 2.125000e-01 6.500000e-01 1.075000e+00 0.000000e+00
0.000000e+00 0.000000e+00 2.125000e-01 7.500000e-01 1.075000e+00 0.000000e+00
3.623193e-04 1.479164e-04 2.125000e-01 8.500000e-01 1.075000e+00 0.000000e+00
3.802653e-04 1.552427e-04 2.125000e-01 9.500000e-01 1.075000e+00 0.000000e+00
0.000000e+00 0.000000e+00 2.125000e-01 1.050000e+00 1.075000e+00 0.000000e+00
0.000000e+00 0.000000e+00 2.125000e-01 1.150000e+00 1.075000e+00 0.000000e+00
6.376411e-04 2.125485e-04 2.125000e-01 1.250000e+00 1.075000e+00 0.000000e+00
0.000000e+00 0.000000e+00 2.125000e-01 1.350000e+00 1.075000e+00 0.000000e+00
0.000000e+00 0.000000e+00 2.125000e-01 1.450000e+00 1.075000e+00 0.000000e+00
0.000000e+00 0.000000e+00 2.125000e-01 1.550000e+00 1.075000e+00 0.000000e+00
4.059183e-04 1.657165e-04 2.125000e-01 1.650000e+00 1.075000e+00 0.000000e+00
2.054496e-04 1.186164e-04 2.125000e-01 1.750000e+00 1.075000e+00 0.000000e+00
2.142172e-04 1.236784e-04 2.125000e-01 1.850000e+00 1.075000e+00 0.000000e+00
0.000000e+00 0.000000e+00 2.125000e-01 1.950000e+00 1.075000e+00 0.000000e+00
2.254676e-04 1.301738e-04 2.125000e-01 2.050000e+00 1.075000e+00 0.000000e+00
0.000000e+00 0.000000e+00 2.125000e-01 2.150000e+00 1.075000e+00 0.000000e+00
2.392118e-04 1.381090e-04 2.125000e-01 2.250000e+00 1.075000e+00 0.000000e+00
4.929491e-04 2.012468e-04 2.125000e-01 2.350000e+00 1.075000e+00 0.000000e+00
0.000000e+00 0.000000e+00 2.125000e-01 2.450000e+00 1.075000e+00 0.000000e+00
0.000000e+00 0.000000e+00 2.125000e-01 2.550000e+00 1.075000e+00 0.000000e+00
5.345626e-04 2.182345e-04 2.125000e-01 2.650000e+00 1.075000e+00 0.000000e+00
2.731154e-04 1.576833e-04 2.125000e-01 2.750000e+00 1.075000e+00 0.000000e+00
2.838544e-04 1.638834e-04 2.125000e-01 2.850000e+00 1.075000e+00 0.000000e+00
2.085546e-03 4.551094e-04 2.125000e-01 2.950000e+00 1.075000e+00 0.000000e+00
1.331600e-03 3.844014e-04 2.125000e-01 3.050000e+00 1.075000e+00 0.000000e+00
1.490538e-03 4.302818e-04 2.125000e-01 3.150000e+00 1.075000e+00 0.000000e+00
1.145400e-03 3.818002e-04 2.125000e-01 3.250000e+00 1.075000e+00 0.000000e+00
3.864278e-04 2.231042e-04 2.125000e-01 3.350000e+00 1.075000e+00 0.000000e+00
3.928141e-04 2.267913e-04 2.125000e-01 3.450000e+00 1.075000e+00 0.000000e+00
3.944611e-04 2.277422e-04 2.125000e-01 3.550000e+00 1.075000e+00 0.000000e+00
3.968386e-04 2.291148e-04 2.125000e-01 3.650000e+00 1.075000e+00 0.000000e+00
4.038053e-04 2.331371e-04 2.125000e-01 3.750000e+00 1.075000e+00 0.000000e+00
0.000000e+00 0.000000e+00 2.125000e-01 3.850000e+00 1.075000e+00 0.000000e+00
4.156570e-04 2.399797e-04 2.125000e-01 3.950000e+00 1.075000e+00 0.000000e+00
0.000000e+00 0.000000e+00 2.125000e-01 4.050000e+00 1.075000e+00 0.000000e+00
8.336112e-04 3.403205e-04 2.125000e-01 4.150000e+00 1.075000e+00 0.000000e+00
0.000000e+00 0.000000e+00 2.125000e-01 4.250000e+00 1.075000e+00 0.000000e+00
0.000000e+00 0.000000e+00 2.125000e-01 4.350000e+00 1.075000e+00 0.000000e+00
4.257608e-04 2.458131e-04 2.125000e-01 4.450000e+00 1.075000e+00 0.000000e+00
8.292584e-04 3.385435e-04 2.125000e-01 4.550000e+00 1.075000e+00 0.000000e+00
8.389675e-04 3.425077e-04 2.125000e-01 4.650000e+00 1.075000e+00 0.000000e+00
8.346510e-04 3.407469e-04 2.125000e-01 4.750000e+00 1.075000e+00 0.000000e+00
4.099202e-04 2.366676e-04 2.125000e-01 4.850000e+00 1.075000e+00 0.000000e+00
0.000000e+00 0.000000e+00 2.125000e-01 4.950000e+00 1.075000e+00 0.000000e+00
0.000000e+00 0.000000e+00 2.375000e-01 5.000000e-02 1.075000e+00 0.000000e+00
0.000000e+00 0.000000e+00 2.375000e-01 1.500000e-01 1.075000e+00 0.000000e+00
6.303602e-04 2.101222e-04 2.375000e-01 2.500000e-01 1.075000e+00 0.000000e+00
0.000000e+00 0.000000e+00 2.375000e-01 3.500000e-01 1.075000e+00 0.000000e+00
5.491545e-04 1.830519e-04 2.375000e-01 4.500000e-01 1.075000e+00 0.000000e+00
1.856623e-04 1.071922e-04 2.375000e-01 5.500000e-01 1.075000e+00 0.000000e+00
0.000000e+00 0.000000e+00 2.375000e-01 6.500000e-01 1.075000e+00 0.000000e+00
0.000000e+00 0.000000e+00 2.375000e-01 7.500000e-01 1.075000e+00 0.000000e+00
0.000000e+00 0.000000e+00 2.375000e-01 8.500000e-01 1.075000e+00 0.000000e+00
2.064323e-04 1.191837e-04 2.375000e-01 9.500000e-01 1.075000e+00 0.000000e+00
2.142752e-04 1.237119e-04 2.375000e-01 1.050000e+00 1.075000e+00 0.000000e+00
2.209328e-04 1.275556e-04 2.375000e-01 1.150000e+00 1.075000e+00 0.000000e+00
2.288748e-04 1.321409e-04 2.375000e-01 1.250000e+00 1.075000e+00 0.000000e+00
2.373579e-04 1.370387e-04 2.375000e-01 1.350000e+00 1.075000e+00 0.000000e+00
0.000000e+00 0.000000e+00 2.375000e-01 1.450000e+00 1.075000e+00 0.000000e+00
2.501616e-04 1.444309e-04 2.375000e-01 1.550000e+00 1.075000e+00 0.000000e+00
7.369623e-04 2.456551e-04 2.375000e-01 1.650000e+00 1.075000e+00 0.000000e+00
2.311322e-04 1.334443e-04 2.375000e-01 1.750000e+00 1.075000e+00 0.000000e+00
0.000000e+00 0.000000e+00 2.375000e-01 1.850000e+00 1.075000e+00 0.000000e+00
4.544914e-04 1.855490e-04 2.375000e-01 1.950000e+00 1.075000e+00 0.000000e+00
0.000000e+00 0.000000e+00 2.375000e-01 2.050000e+00 1.075000e+00 0.000000e+00
2.418512e-04 1.396328e-04 2.375000e-01 2.150000e+00 1.075000e+00 0.000000e+00
2.493725e-04 1.439753e-04 2.375000e-01 2.250000e+00 1.075000e+00 0.000000e+00
2.493547e-04 1.439650e-04 2.375000e-01 2.350000e+00 1.075000e+00 0.000000e+00
2.551438e-04 1.473073e-04 2.375000e-01 2.450000e+00 1.075000e+00 0.000000e+00
1.860407e-03 4.059768e-04 2.375000e-01 2.550000e+00 1.075000e+00 0.000000e+00
5.981555e-03 7.362868e-04 2.375000e-01 2.650000e+00 1.075000e+00 0.000000e+00
1.531450e-02 1.192243e-03 2.375000e-01 2.750000e+00 1.075000e+00 0.000000e+00
2.077956e-02 1.404167e-03 2.375000e-01 2.850000e+00 1.075000e+00 0.000000e+00
2.727415e-02 1.624171e-03 2.375000e-01 2.950000e+00 1.075000e+00 0.000000e+00
2.954966e-02 1.706071e-03 2.375000e-01 3.050000e+00 1.075000e+00 0.000000e+00
2.861702e-02 1.741596e-03 2.375000e-01 3.150000e+00 1.075000e+00 0.000000e+00
2.108534e-02 1.598489e-03 2.375000e-01 3.250000e+00 1.075000e+00 0.000000e+00
8.918141e-03 1.073632e-03 2.375000e-01 3.350000e+00 1.075000e+00 0.000000e+00
6.254617e-03 9.027945e-04 2.375000e-01 3.450000e+00 1.075000e+00 0.000000e+00
3.177212e-03 6.485544e-04 2.375000e-01 3.550000e+00 1.075000e+00 0.000000e+00
1.200215e-03 4.000808e-04 2.375000e-01 3.650000e+00 1.075000e+00 0.000000e+00
8.028102e-04 3.277466e-04 2.375000e-01 3.750000e+00 1.075000e+00 0.000000e+00
1.223894e-03 4.079697e-04 2.375000e-01 3.850000e+00 1.075000e+00 0.000000e+00
1.233329e-03 4.111119e-04 2.375000e-01 3.950000e+00 1.075000e+00 0.000000e+00
1.245397e-03 4.151331e-04 2.375000e-01 4.050000e+00 1.075000e+00 0.000000e+00
8.306278e-04 3.391035e-04 2.375000e-01 4.150000e+00 1.075000e+00 0.000000e+00
8.349553e-04 3.408718e-04 2.375000e-01 4.250000e+00 1.075000e+00 0.000000e+00
4.186318e-04 2.416972e-04 2.375000e-01 4.350000e+00 1.075000e+00 0.000000e+00
4.135097e-04 2.387400e-04 2.375000e-01 4.450000e+00 1.075000e+00 0.000000e+00
0.000000e+00 0.000000e+00 2.375000e-01 4.550000e+00 1.075000e+00 0.000000e+00
4.136924e-04 2.388454e-04 2.375000e-01 4.650000e+00 1.075000e+00 0.000000e+00
8.245956e-04 3.366440e-04 2.375000e-01 4.750000e+00 1.075000e+00 0.000000e+00
8.199659e-04 3.347502e-04 2.375000e-01 4.850000e+00 1.075000e+00 0.000000e+00
8.033107e-04 3.279544e-04 2.375000e-01 4.950000e+00 1.075000e+00 0.000000e+00
nan nan 2.625000e-01 5.000000e-02 1.075000e+00 0.000000e+00
0.000000e+00 0.000000e+00 2.625000e-01 1.500000e-01 1.075000e+00 0.000000e+00
2.445538e-03 7.059683e-04 2.625000e-01 2.500000e-01 1.075000e+00 0.000000e+00
1.700041e-03 3.709834e-04 2.625000e-01 3.500000e-01 1.075000e+00 0.000000e+00
2.274080e-03 4.151938e-04 2.625000e-01 4.500000e-01 1.075000e+00 0.000000e+00
6.890948e-04 2.296986e-04 2.625000e-01 5.500000e-01 1.075000e+00 0.000000e+00
2.992131e-03 4.791305e-04 2.625000e-01 6.500000e-01 1.075000e+00 0.000000e+00
6.963880e-04 2.321329e-04 2.625000e-01 7.500000e-01 1.075000e+00 0.000000e+00
1.409835e-03 3.323034e-04 2.625000e-01 8.500000e-01 1.075000e+00 0.000000e+00
7.173081e-04 2.391031e-04 2.625000e-01 9.500000e-01 1.075000e+00 0.000000e+00
2.427864e-04 1.401728e-04 2.625000e-01 1.050000e+00 1.075000e+00 0.000000e+00
4.918129e-04 2.007864e-04 2.625000e-01 1.150000e+00 1.075000e+00 0.000000e+00
2.488201e-04 1.436564e-04 2.625000e-01 1.250000e+00 1.075000e+00 0.000000e+00
2.550071e-04 1.472284e-04 2.625000e-01 1.350000e+00 1.075000e+00 0.000000e+00
2.614735e-04 1.509618e-04 2.625000e-01 1.450000e+00 1.075000e+00 0.000000e+00
7.978745e-04 2.659585e-04 2.625000e-01 1.550000e+00 1.075000e+00 0.000000e+00
5.446949e-04 2.223710e-04 2.625000e-01 1.650000e+00 1.075000e+00 0.000000e+00
1.116367e-03 3.222682e-04 2.625000e-01 1.750000e+00 1.075000e+00 0.000000e+00
7.957290e-04 2.652495e-04 2.625000e-01 1.850000e+00 1.075000e+00 0.000000e+00
7.393730e-04 2.464586e-04 2.625000e-01 1.950000e+00 1.075000e+00 0.000000e+00
1.204719e-03 3.110599e-04 2.625000e-01 2.050000e+00 1.075000e+00 0.000000e+00
2.981547e-03 4.969271e-04 2.625000e-01 2.150000e+00 1.075000e+00 0.000000e+00
7.349634e-03 7.879725e-04 2.625000e-01 2.250000e+00 1.075000e+00 0.000000e+00
1.008770e-02 9.326202e-04 2.625000e-01 2.350000e+00 1.075000e+00 0.000000e+00
2.297314e-02 1.422020e-03 2.625000e-01 2.450000e+00 1.075000e+00 0.000000e+00
3.434706e-02 1.752787e-03 2.625000e-01 2.550000e+00 1.075000e+00 0.000000e+00
4.625918e-02 2.054464e-03 2.625000e-01 2.650000e+00 1.075000e+00 0.000000e+00
6.164756e-02 2.405129e-03 2.625000e-01 2.750000e+00 1.075000e+00 0.000000e+00
6.208672e-02 2.433398e-03 2.625000e-01 2.850000e+00 1.075000e+00 0.000000e+00
7.274208e-02 2.661526e-03 2.625000e-01 2.950000e+00 1.075000e+00 0.000000e+00
6.648200e-02 2.564629e-03 2.625000e-01 3.050000e+00 1.075000e+00 0.000000e+00
6.661395e-02 2.581266e-03 2.625000e-01 3.150000e+00 1.075000e+00 0.000000e+00
5.378936e-02 2.367970e-03 2.625000e-01 3.250000e+00 1.075000e+00 0.000000e+00
6.289336e-02 2.721696e-03 2.625000e-01 3.350000e+00 1.075000e+00 0.000000e+00
4.167611e-02 2.337108e-03 2.625000e-01 3.450000e+00 1.075000e+00 0.000000e+00
2.774349e-02 1.914508e-03 2.625000e-01 3.550000e+00 1.075000e+00 0.000000e+00
3.277748e-02 2.089847e-03 2.625000e-01 3.650000e+00 1.075000e+00 0.000000e+00
1.421574e-02 1.387325e-03 2.625000e-01 3.750000e+00 1.075000e+00 0.000000e+00
7.325318e-03 9.968603e-04 2.625000e-01 3.850000e+00 1.075000e+00 0.000000e+00
5.704340e-03 8.802100e-04 2.625000e-01 3.950000e+00 1.075000e+00 0.000000e+00
2.062586e-03 5.325623e-04 2.625000e-01 4.050000e+00 1.075000e+00 0.000000e+00
0.000000e+00 0.000000e+00 2.625000e-01 4.150000e+00 1.075000e+00 0.000000e+00
1.239890e-03 4.133005e-04 2.625000e-01 4.250000e+00 1.075000e+00 0.000000e+00
4.147092e-04 2.394324e-04 2.625000e-01 4.350000e+00 1.075000e+00 0.000000e+00
0.000000e+00 0.000000e+00 2.625000e-01 4.450000e+00 1.075000e+00 0.000000e+00
1.232744e-03 4.109198e-04 2.625000e-01 4.550000e+00 1.075000e+00 0.000000e+00
0.000000e+00 0.000000e+00 2.625000e-01 4.650000e+00 1.075000e+00 0.000000e+00
8.123019e-04 3.316223e-04 2.625000e-01 4.750000e+00 1.075000e+00 0.000000e+00
0.000000e+00 0.000000e+00 2.625000e-01 4.850000e+00 1.075000e+00 0.000000e+00
1.195033e-03 3.983457e-04 2.625000e-01 4.950000e+00 1.075000e+00 0.000000e+00
nan nan 2.875000e-01 5.000000e-02 1.075000e+00 0.000000e+00
nan nan 2.875000e-01 1.500000e-01 1.075000e+00 0.000000e+00
0.000000e+00 0.000000e+00 2.875000e-01 2.500000e-01 1.075000e+00 0.000000e+00
2.867092e-03 6.757858e-04 2.875000e-01 3.500000e-01 1.075000e+00 0.000000e+00
5.569074e-03 7.376525e-04 2.875000e-01 4.500000e-01 1.075000e+00 0.000000e+00
4.957598e-03 6.942095e-04 2.875000e-01 5.500000e-01 1.075000e+00 0.000000e+00
6.740766e-03 8.115018e-04 2.875000e-01 6.500000e-01 1.075000e+00 0.000000e+00
6.168002e-03 7.771061e-04 2.875000e-01 7.500000e-01 1.075000e+00 0.000000e+00
6.201101e-03 7.812741e-04 2.875000e-01 8.500000e-01 1.075000e+00 0.000000e+00
9.812980e-03 9.862531e-04 2.875000e-01 9.500000e-01 1.075000e+00 0.000000e+00
1.316344e-02 1.145743e-03 2.875000e-01 1.050000e+00 1.075000e+00 0.000000e+00
7.846192e-03 8.884154e-04 2.875000e-01 1.150000e+00 1.075000e+00 0.000000e+00
8.811841e-03 9.447429e-04 2.875000e-01 1.250000e+00 1.075000e+00 0.000000e+00
9.200600e-03 9.698417e-04 2.875000e-01 1.350000e+00 1.075000e+00 0.000000e+00
9.625510e-03 9.981264e-04 2.875000e-01 1.450000e+00 1.075000e+00 0.000000e+00
1.353815e-02 1.191982e-03 2.875000e-01 1.550000e+00 1.075000e+00 0.000000e+00
1.467908e-02 1.249575e-03 2.875000e-01 1.650000e+00 1.075000e+00 0.000000e+00
1.480937e-02 1.260671e-03 2.875000e-01 1.750000e+00 1.075000e+00 0.000000e+00
1.975730e-02 1.460515e-03 2.875000e-01 1.850000e+00 1.075000e+00 0.000000e+00
2.166292e-02 1.505695e-03 2.875000e-01 1.950000e+00 1.075000e+00 0.000000e+00
2.832580e-02 1.643649e-03 2.875000e-01 2.050000e+00 1.075000e+00 0.000000e+00
4.418840e-02 1.986144e-03 2.875000e-01 2.150000e+00 1.075000e+00 0.000000e+00
4.628954e-02 2.043759e-03 2.875000e-01 2.250000e+00 1.075000e+00 0.000000e+00
5.376861e-02 2.211768e-03 2.875000e-01 2.350000e+00 1.075000e+00 0.000000e+00
6.218188e-02 2.393409e-03 2.875000e-01 2.450000e+00 1.075000e+00 0.000000e+00
6.947742e-02 2.536985e-03 2.875000e-01 2.550000e+00 1.075000e+00 0.000000e+00
5.924023e-02 2.354617e-03 2.875000e-01 2.650000e+00 1.075000e+00 0.000000e+00
5.469254e-02 2.278882e-03 2.875000e-01 2.750000e+00 1.075000e+00 0.000000e+00
3.831737e-02 1.918291e-03 2.875000e-01 2.850000e+00 1.075000e+00 0.000000e+00
4.837022e-02 2.180724e-03 2.875000e-01 2.950000e+00 1.075000e+00 0.000000e+00
3.472645e-02 1.861557e-03 2.875000e-01 3.050000e+00 1.075000e+00 0.000000e+00
4.757500e-02 2.178334e-03 2.875000e-01 3.150000e+00 1.075000e+00 0.000000e+00
4.281644e-02 2.089255e-03 2.875000e-01 3.250000e+00 1.075000e+00 0.000000e+00
5.328499e-02 2.359527e-03 2.875000e-01 3.350000e+00 1.075000e+00 0.000000e+00
4.509238e-02 2.292204e-03 2.875000e-01 3.450000e+00 1.075000e+00 0.000000e+00
5.436737e-02 2.681777e-03 2.875000e-01 3.550000e+00 1.075000e+00 0.000000e+00
4.457262e-02 2.431670e-03 2.875000e-01 3.650000e+00 1.075000e+00 0.000000e+00
3.045364e-02 2.016871e-03 2.875000e-01 3.750000e+00 1.075000e+00 0.000000e+00
2.431868e-02 1.812627e-03 2.875000e-01 3.850000e+00 1.075000e+00 0.000000e+00
2.108245e-02 1.687969e-03 2.875000e-01 3.950000e+00 1.075000e+00 0.000000e+00
1.583232e-02 1.463716e-03 2.875000e-01 4.050000e+00 1.075000e+00 0.000000e+00
1.924645e-02 1.620865e-03 2.875000e-01 4.150000e+00 1.075000e+00 0.000000e+00
1.064684e-02 1.205531e-03 2.875000e-01 4.250000e+00 1.075000e+00 0.000000e+00
7.768239e-03 1.028942e-03 2.875000e-01 4.350000e+00 1.075000e+00 0.000000e+00
7.744034e-03 1.025737e-03 2.875000e-01 4.450000e+00 1.075000e+00 0.000000e+00
1.050940e-02 1.189969e-03 2.875000e-01 4.550000e+00 1.075000e+00 0.000000e+00
4.817872e-03 8.029907e-04 2.875000e-01 4.650000e+00 1.075000e+00 0.000000e+00
5.170808e-03 8.280022e-04 2.875000e-01 4.750000e+00 1.075000e+00 0.000000e+00
5.489614e-03 8.470786e-04 2.875000e-01 4.850000e+00 1.075000e+00 0.000000e+00
4.258035e-03 7.412337e-04 2.875000e-01 4.950000e+00 1.075000e+00 0.000000e+00
nan nan 3.125000e-01 5.000000e-02 1.075000e+00 0.000000e+00
nan nan 3.125000e-01 1.500000e-01 1.075000e+00 0.000000e+00
nan nan 3.125000e-01 2.500000e-01 1.075000e+00 0.000000e+00
0.000000e+00 0.000000e+00 3.125000e-01 3.500000e-01 1.075000e+00 0.000000e+00
1.626010e-03 4.693932e-04 3.125000e-01 4.500000e-01 1.075000e+00 0.000000e+00
4.166639e-03 7.253254e-04 3.125000e-01 5.500000e-01 1.075000e+00 0.000000e+00
7.174578e-03 9.503091e-04 3.125000e-01 6.500000e-01 1.075000e+00 0.000000e+00
8.610824e-03 1.036633e-03 3.125000e-01 7.500000e-01 1.075000e+00 0.000000e+00
1.271153e-02 1.258646e-03 3.125000e-01 8.500000e-01 1.075000e+00 0.000000e+00
1.272189e-02 1.259667e-03 3.125000e-01 9.500000e-01 1.075000e+00 0.000000e+00
1.756389e-02 1.479162e-03 3.125000e-01 1.050000e+00 1.075000e+00 0.000000e+00
1.693312e-02 1.457391e-03 3.125000e-01 1.150000e+00 1.075000e+00 0.000000e+00
2.392024e-02 1.739961e-03 3.125000e-01 1.250000e+00 1.075000e+00 0.000000e+00
2.177499e-02 1.665192e-03 3.125000e-01 1.350000e+00 1.075000e+00 0.000000e+00
3.267607e-02 2.046278e-03 3.125000e-01 1.450000e+00 1.075000e+00 0.000000e+00
2.960557e-02 1.947930e-03 3.125000e-01 1.550000e+00 1.075000e+00 0.000000e+00
4.298439e-02 2.345016e-03 3.125000e-01 1.650000e+00 1.075000e+00 0.000000e+00
2.892409e-02 1.928293e-03 3.125000e-01 1.750000e+00 1.075000e+00 0.000000e+00
4.151930e-02 2.317412e-03 3.125000e-01 1.850000e+00 1.075000e+00 0.000000e+00
4.159656e-02 2.332643e-03 3.125000e-01 1.950000e+00 1.075000e+00 0.000000e+00
4.185489e-02 2.336140e-03 3.125000e-01 2.050000e+00 1.075000e+00 0.000000e+00
4.898063e-02 2.398620e-03 3.125000e-01 2.150000e+00 1.075000e+00 0.000000e+00
4.790590e-02 2.250846e-03 3.125000e-01 2.250000e+00 1.075000e+00 0.000000e+00
5.126557e-02 2.332689e-03 3.125000e-01 2.350000e+00 1.075000e+00 0.000000e+00
4.234565e-02 2.127976e-03 3.125000e-01 2.450000e+00 1.075000e+00 0.000000e+00
4.231849e-02 2.126611e-03 3.125000e-01 2.550000e+00 1.075000e+00 0.000000e+00
4.465569e-02 2.186829e-03 3.125000e-01 2.650000e+00 1.075000e+00 0.000000e+00
3.878610e-02 2.044233e-03 3.125000e-01 2.750000e+00 1.075000e+00 0.000000e+00
4.205999e-02 2.138054e-03 3.125000e-01 2.850000e+00 1.075000e+00 0.000000e+00
3.878055e-02 2.043937e-03 3.125000e-01 2.950000e+00 1.075000e+00 0.000000e+00
3.180351e-02 1.854844e-03 3.125000e-01 3.050000e+00 1.075000e+00 0.000000e+00
3.400143e-02 1.924972e-03 3.125000e-01 3.150000e+00 1.075000e+00 0.000000e+00
3.246601e-02 1.874449e-03 3.125000e-01 3.250000e+00 1.075000e+00 0.000000e+00
3.029935e-02 1.813997e-03 3.125000e-01 3.350000e+00 1.075000e+00 0.000000e+00
3.247359e-02 1.893921e-03 3.125000e-01 3.450000e+00 1.075000e+00 0.000000e+00
3.197376e-02 1.979151e-03 3.125000e-01 3.550000e+00 1.075000e+00 0.000000e+00
2.222006e-02 1.745794e-03 3.125000e-01 3.650000e+00 1.075000e+00 0.000000e+00
2.628145e-02 1.882082e-03 3.125000e-01 3.750000e+00 1.075000e+00 0.000000e+00
3.354809e-02 2.126052e-03 3.125000e-01 3.850000e+00 1.075000e+00 0.000000e+00
2.073124e-02 1.676040e-03 3.125000e-01 3.950000e+00 1.075000e+00 0.000000e+00
2.713627e-02 1.914073e-03 3.125000e-01 4.050000e+00 1.075000e+00 0.000000e+00
3.107621e-02 2.044690e-03 3.125000e-01 4.150000e+00 1.075000e+00 0.000000e+00
1.858048e-02 1.581694e-03 3.125000e-01 4.250000e+00 1.075000e+00 0.000000e+00
1.971078e-02 1.625737e-03 3.125000e-01 4.350000e+00 1.075000e+00 0.000000e+00
1.435934e-02 1.381746e-03 3.125000e-01 4.450000e+00 1.075000e+00 0.000000e+00
1.030738e-02 1.167092e-03 3.125000e-01 4.550000e+00 1.075000e+00 0.000000e+00
9.394100e-03 1.107118e-03 3.125000e-01 4.650000e+00 1.075000e+00 0.000000e+00
7.374348e-03 9.767673e-04 3.125000e-01 4.750000e+00 1.075000e+00 0.000000e+00
7.259130e-03 9.615060e-04 3.125000e-01 4.850000e+00 1.075000e+00 0.000000e+00
5.246996e-03 8.096384e-04 3.125000e-01 4.950000e+00 1.075000e+00 0.000000e+00
nan nan 3.375000e-01 5.000000e-02 1.075000e+00 0.000000e+00
nan nan 3.375000e-01 1.500000e-01 1.075000e+00 0.000000e+00
nan nan 3.375000e-01 2.500000e-01 1.075000e+00 0.000000e+00
0.000000e+00 0.000000e+00 3.375000e-01 3.500000e-01 1.075000e+00 0.000000e+00
1.362185e-03 5.561101e-04 3.375000e-01 4.500000e-01 1.075000e+00 0.000000e+00
2.508364e-03 6.476750e-04 3.375000e-01 5.500000e-01 1.075000e+00 0.000000e+00
3.988076e-03 8.140680e-04 3.375000e-01 6.500000e-01 1.075000e+00 0.000000e+00
7.915457e-03 1.142513e-03 3.375000e-01 7.500000e-01 1.075000e+00 0.000000e+00
6.388401e-03 1.022980e-03 3.375000e-01 8.500000e-01 1.075000e+00 0.000000e+00
1.030340e-02 1.298117e-03 3.375000e-01 9.500000e-01 1.075000e+00 0.000000e+00
1.223920e-02 1.413281e-03 3.375000e-01 1.050000e+00 1.075000e+00 0.000000e+00
1.406384e-02 1.507821e-03 3.375000e-01 1.150000e+00 1.075000e+00 0.000000e+00
1.491352e-02 1.546478e-03 3.375000e-01 1.250000e+00 1.075000e+00 0.000000e+00
2.158049e-02 1.857377e-03 3.375000e-01 1.350000e+00 1.075000e+00 0.000000e+00
2.046467e-02 1.801836e-03 3.375000e-01 1.450000e+00 1.075000e+00 0.000000e+00
2.586286e-02 2.032001e-03 3.375000e-01 1.550000e+00 1.075000e+00 0.000000e+00
2.547957e-02 2.020685e-03 3.375000e-01 1.650000e+00 1.075000e+00 0.000000e+00
2.202426e-02 1.874849e-03 3.375000e-01 1.750000e+00 1.075000e+00 0.000000e+00
2.640346e-02 2.055532e-03 3.375000e-01 1.850000e+00 1.075000e+00 0.000000e+00
2.388163e-02 1.949950e-03 3.375000e-01 1.950000e+00 1.075000e+00 0.000000e+00
2.063478e-02 1.816813e-03 3.375000e-01 2.050000e+00 1.075000e+00 0.000000e+00
2.343730e-02 1.933101e-03 3.375000e-01 2.150000e+00 1.075000e+00 0.000000e+00
2.685519e-02 1.953451e-03 3.375000e-01 2.250000e+00 1.075000e+00 0.000000e+00
3.420410e-02 2.081619e-03 3.375000e-01 2.350000e+00 1.075000e+00 0.000000e+00
3.174675e-02 2.011890e-03 3.375000e-01 2.450000e+00 1.075000e+00 0.000000e+00
4.017967e-02 2.274754e-03 3.375000e-01 2.550000e+00 1.075000e+00 0.000000e+00
4.623823e-02 2.447218e-03 3.375000e-01 2.650000e+00 1.075000e+00 0.000000e+00
4.426524e-02 2.383187e-03 3.375000e-01 2.750000e+00 1.075000e+00 0.000000e+00
4.635323e-02 2.422948e-03 3.375000e-01 2.850000e+00 1.075000e+00 0.000000e+00
4.943672e-02 2.493785e-03 3.375000e-01 2.950000e+00 1.075000e+00 0.000000e+00
6.009970e-02 2.760504e-03 3.375000e-01 3.050000e+00 1.075000e+00 0.000000e+00
4.652322e-02 2.421933e-03 3.375000e-01 3.150000e+00 1.075000e+00 0.000000e+00
4.475009e-02 2.388613e-03 3.375000e-01 3.250000e+00 1.075000e+00 0.000000e+00
3.695373e-02 2.166292e-03 3.375000e-01 3.350000e+00 1.075000e+00 0.000000e+00
3.346139e-02 2.047827e-03 3.375000e-01 3.450000e+00 1.075000e+00 0.000000e+00
2.744804e-02 1.854791e-03 3.375000e-01 3.550000e+00 1.075000e+00 0.000000e+00
2.782969e-02 1.992948e-03 3.375000e-01 3.650000e+00 1.075000e+00 0.000000e+00
2.302675e-02 1.880155e-03 3.375000e-01 3.750000e+00 1.075000e+00 0.000000e+00
1.804664e-02 1.647440e-03 3.375000e-01 3.850000e+00 1.075000e+00 0.000000e+00
2.076309e-02 1.767502e-03 3.375000e-01 3.950000e+00 1.075000e+00 0.000000e+00
2.093308e-02 1.762910e-03 3.375000e-01 4.050000e+00 1.075000e+00 0.000000e+00
1.139697e-02 1.290466e-03 3.375000e-01 4.150000e+00 1.075000e+00 0.000000e+00
1.376986e-02 1.405395e-03 3.375000e-01 4.250000e+00 1.075000e+00 0.000000e+00
1.270779e-02 1.339537e-03 3.375000e-01 4.350000e+00 1.075000e+00 0.000000e+00
1.485511e-02 1.429447e-03 3.375000e-01 4.450000e+00 1.075000e+00 0.000000e+00
1.010617e-02 1.166969e-03 3.375000e-01 4.550000e+00 1.075000e+00 0.000000e+00
7.110602e-03 9.676379e-04 3.375000e-01 4.650000e+00 1.075000e+00 0.000000e+00
3.868853e-03 7.063568e-04 3.375000e-01 4.750000e+00 1.075000e+00 0.000000e+00
3.009302e-03 6.142781e-04 3.375000e-01 4.850000e+00 1.075000e+00 0.000000e+00
3.314704e-03 6.379227e-04 3.375000e-01 4.950000e+00 1.075000e+00 0.000000e+00
nan nan 3.625000e-01 5.000000e-02 1.075000e+00 0.000000e+00
nan nan 3.625000e-01 1.500000e-01 1.075000e+00 0.000000e+00
nan nan 3.625000e-01 2.500000e-01 1.075000e+00 0.000000e+00
nan nan 3.625000e-01 3.500000e-01 1.075000e+00 0.000000e+00
0.000000e+00 0.000000e+00 3.625000e-01 4.500000e-01 1.075000e+00 0.000000e+00
2.134028e-03 7.113427e-04 3.625000e-01 5.500000e-01 1.075000e+00 0.000000e+00
2.080240e-03 6.934255e-04 3.625000e-01 6.500000e-01 1.075000e+00 0.000000e+00
6.782171e-03 1.238255e-03 3.625000e-01 7.500000e-01 1.075000e+00 0.000000e+00
7.326022e-03 1.275315e-03 3.625000e-01 8.500000e-01 1.075000e+00 0.000000e+00
6.554183e-03 1.196641e-03 3.625000e-01 9.500000e-01 1.075000e+00 0.000000e+00
9.719358e-03 1.448893e-03 3.625000e-01 1.050000e+00 1.075000e+00 0.000000e+00
1.916926e-02 2.020642e-03 3.625000e-01 1.150000e+00 1.075000e+00 0.000000e+00
1.405028e-02 1.729489e-03 3.625000e-01 1.250000e+00 1.075000e+00 0.000000e+00
1.574322e-02 1.817893e-03 3.625000e-01 1.350000e+00 1.075000e+00 0.000000e+00
3.024708e-02 2.520620e-03 3.625000e-01 1.450000e+00 1.075000e+00 0.000000e+00
2.240125e-02 2.155589e-03 3.625000e-01 1.550000e+00 1.075000e+00 0.000000e+00
3.465426e-02 2.673660e-03 3.625000e-01 1.650000e+00 1.075000e+00 0.000000e+00
3.741324e-02 2.765700e-03 3.625000e-01 1.750000e+00 1.075000e+00 0.000000e+00
3.029608e-02 2.473682e-03 3.625000e-01 1.850000e+00 1.075000e+00 0.000000e+00
3.139946e-02 2.514006e-03 3.625000e-01 1.950000e+00 1.075000e+00 0.000000e+00
3.159760e-02 2.505880e-03 3.625000e-01 2.050000e+00 1.075000e+00 0.000000e+00
2.810480e-02 2.366879e-03 3.625000e-01 2.150000e+00 1.075000e+00 0.000000e+00
4.054584e-02 2.838798e-03 3.625000e-01 2.250000e+00 1.075000e+00 0.000000e+00
4.008935e-02 2.620749e-03 3.625000e-01 2.350000e+00 1.075000e+00 0.000000e+00
4.900832e-02 2.801655e-03 3.625000e-01 2.450000e+00 1.075000e+00 0.000000e+00
5.416159e-02 2.915998e-03 3.625000e-01 2.550000e+00 1.075000e+00 0.000000e+00
6.227083e-02 3.117482e-03 3.625000e-01 2.650000e+00 1.075000e+00 0.000000e+00
6.257443e-02 3.120969e-03 3.625000e-01 2.750000e+00 1.075000e+00 0.000000e+00
5.602162e-02 2.952628e-03 3.625000e-01 2.850000e+00 1.075000e+00 0.000000e+00
4.878453e-02 2.710285e-03 3.625000e-01 2.950000e+00 1.075000e+00 0.000000e+00
4.473911e-02 2.596054e-03 3.625000e-01 3.050000e+00 1.075000e+00 0.000000e+00
4.459952e-02 2.628083e-03 3.625000e-01 3.150000e+00 1.075000e+00 0.000000e+00
4.067871e-02 2.489519e-03 3.625000e-01 3.250000e+00 1.075000e+00 0.000000e+00
2.391922e-02 1.879293e-03 3.625000e-01 3.350000e+00 1.075000e+00 0.000000e+00
2.632490e-02 1.978723e-03 3.625000e-01 3.450000e+00 1.075000e+00 0.000000e+00
2.727892e-02 2.000213e-03 3.625000e-01 3.550000e+00 1.075000e+00 0.000000e+00
1.768874e-02 1.594956e-03 3.625000e-01 3.650000e+00 1.075000e+00 0.000000e+00
1.596093e-02 1.682449e-03 3.625000e-01 3.750000e+00 1.075000e+00 0.000000e+00
2.126150e-02 1.940926e-03 3.625000e-01 3.850000e+00 1.075000e+00 0.000000e+00
1.875551e-02 1.804770e-03 3.625000e-01 3.950000e+00 1.075000e+00 0.000000e+00
1.375621e-02 1.528485e-03 3.625000e-01 4.050000e+00 1.075000e+00 0.000000e+00
1.972124e-02 1.823254e-03 3.625000e-01 4.150000e+00 1.075000e+00 0.000000e+00
1.753618e-02 1.687442e-03 3.625000e-01 4.250000e+00 1.075000e+00 0.000000e+00
1.546236e-02 1.578139e-03 3.625000e-01 4.350000e+00 1.075000e+00 0.000000e+00
1.115898e-02 1.315117e-03 3.625000e-01 4.450000e+00 1.075000e+00 0.000000e+00
1.050213e-02 1.264317e-03 3.625000e-01 4.550000e+00 1.075000e+00 0.000000e+00
1.058346e-02 1.247282e-03 3.625000e-01 4.650000e+00 1.075000e+00 0.000000e+00
8.094265e-03 1.072122e-03 3.625000e-01 4.750000e+00 1.075000e+00 0.000000e+00
3.805564e-03 7.323853e-04 3.625000e-01 4.850000e+00 1.075000e+00 0.000000e+00
3.604042e-03 6.936114e-04 3.625000e-01 4.950000e+00 1.075000e+00 0.000000e+00
nan nan 3.875000e-01 5.000000e-02 1.075000e+00 0.000000e+00
nan nan 3.875000e-01 1.500000e-01 1.075000e+00 0.000000e+00
nan nan 3.875000e-01 2.500000e-01 1.075000e+00 0.000000e+00
nan nan 3.875000e-01 3.500000e-01 1.075000e+00 0.000000e+00
5.206248e-03 2.125451e-03 3.875000e-01 4.500000e-01 1.075000e+00 0.000000e+00
1.061936e-03 6.131090e-04 3.875000e-01 5.500000e-01 1.075000e+00 0.000000e+00
1.051588e-03 6.071346e-04 3.875000e-01 6.500000e-01 1.075000e+00 0.000000e+00
1.005774e-03 5.806839e-04 3.875000e-01 7.500000e-01 1.075000e+00 0.000000e+00
9.915948e-04 5.724975e-04 3.875000e-01 8.500000e-01 1.075000e+00 0.000000e+00
5.808541e-03 1.369100e-03 3.875000e-01 9.500000e-01 1.075000e+00 0.000000e+00
1.891867e-03 7.723614e-04 3.875000e-01 1.050000e+00 1.075000e+00 0.000000e+00
1.014032e-02 1.765225e-03 3.875000e-01 1.150000e+00 1.075000e+00 0.000000e+00
1.170489e-02 1.874297e-03 3.875000e-01 1.250000e+00 1.075000e+00 0.000000e+00
1.503320e-02 2.105096e-03 3.875000e-01 1.350000e+00 1.075000e+00 0.000000e+00
2.269818e-02 2.570097e-03 3.875000e-01 1.450000e+00 1.075000e+00 0.000000e+00
2.553252e-02 2.691396e-03 3.875000e-01 1.550000e+00 1.075000e+00 0.000000e+00
5.093933e-02 3.765582e-03 3.875000e-01 1.650000e+00 1.075000e+00 0.000000e+00
4.698364e-02 3.592970e-03 3.875000e-01 1.750000e+00 1.075000e+00 0.000000e+00
4.653852e-02 3.558928e-03 3.875000e-01 1.850000e+00 1.075000e+00 0.000000e+00
5.289703e-02 3.759275e-03 3.875000e-01 1.950000e+00 1.075000e+00 0.000000e+00
5.007239e-02 3.642276e-03 3.875000e-01 2.050000e+00 1.075000e+00 0.000000e+00
5.394818e-02 3.777173e-03 3.875000e-01 2.150000e+00 1.075000e+00 0.000000e+00
6.229424e-02 4.046497e-03 3.875000e-01 2.250000e+00 1.075000e+00 0.000000e+00
5.708885e-02 3.857755e-03 3.875000e-01 2.350000e+00 1.075000e+00 0.000000e+00
5.150644e-02 3.206686e-03 3.875000e-01 2.450000e+00 1.075000e+00 0.000000e+00
4.657237e-02 3.084371e-03 3.875000e-01 2.550000e+00 1.075000e+00 0.000000e+00
4.110245e-02 2.877781e-03 3.875000e-01 2.650000e+00 1.075000e+00 0.000000e+00
2.379297e-02 2.145361e-03 3.875000e-01 2.750000e+00 1.075000e+00 0.000000e+00
1.595200e-02 1.740527e-03 3.875000e-01 2.850000e+00 1.075000e+00 0.000000e+00
1.612309e-02 1.791474e-03 3.875000e-01 2.950000e+00 1.075000e+00 0.000000e+00
1.331016e-02 1.602366e-03 3.875000e-01 3.050000e+00 1.075000e+00 0.000000e+00
6.610339e-03 1.101733e-03 3.875000e-01 3.150000e+00 1.075000e+00 0.000000e+00
6.030101e-03 1.049711e-03 3.875000e-01 3.250000e+00 1.075000e+00 0.000000e+00
7.870645e-03 1.214470e-03 3.875000e-01 3.350000e+00 1.075000e+00 0.000000e+00
4.846408e-03 9.326998e-04 3.875000e-01 3.450000e+00 1.075000e+00 0.000000e+00
5.607896e-03 9.762216e-04 3.875000e-01 3.550000e+00 1.075000e+00 0.000000e+00
5.243345e-03 9.573111e-04 3.875000e-01 3.650000e+00 1.075000e+00 0.000000e+00
7.445580e-03 1.192260e-03 3.875000e-01 3.750000e+00 1.075000e+00 0.000000e+00
8.364825e-03 1.339457e-03 3.875000e-01 3.850000e+00 1.075000e+00 0.000000e+00
6.678416e-03 1.162571e-03 3.875000e-01 3.950000e+00 1.075000e+00 0.000000e+00
1.281799e-02 1.614928e-03 3.875000e-01 4.050000e+00 1.075000e+00 0.000000e+00
1.047622e-02 1.425646e-03 3.875000e-01 4.150000e+00 1.075000e+00 0.000000e+00
7.550800e-03 1.209107e-03 3.875000e-01 4.250000e+00 1.075000e+00 0.000000e+00
6.570073e-03 1.095023e-03 3.875000e-01 4.350000e+00 1.075000e+00 0.000000e+00
8.245631e-03 1.229199e-03 3.875000e-01 4.450000e+00 1.075000e+00 0.000000e+00
8.315689e-03 1.200281e-03 3.875000e-01 4.550000e+00 1.075000e+00 0.000000e+00
8.088025e-03 1.167415e-03 3.875000e-01 4.650000e+00 1.075000e+00 0.000000e+00
8.391226e-03 1.175017e-03 3.875000e-01 4.750000e+00 1.075000e+00 0.000000e+00
6.620998e-03 1.021654e-03 3.875000e-01 4.850000e+00 1.075000e+00 0.000000e+00
2.715945e-03 6.401636e-04 3.875000e-01 4.950000e+00 1.075000e+00 0.000000e+00
nan nan 4.125001e-01 5.000000e-02 1.075000e+00 0.000000e+00
nan nan 4.125001e-01 1.500000e-01 1.075000e+00 0.000000e+00
nan nan 4.125001e-01 2.500000e-01 1.075000e+00 0.000000e+00
nan nan 4.125001e-01 3.500000e-01 1.075000e+00 0.000000e+00
0.000000e+00 0.000000e+00 4.125001e-01 4.500000e-01 1.075000e+00 0.000000e+00
0.000000e+00 0.000000e+00 4.125001e-01 5.500000e-01 1.075000e+00 0.000000e+00
0.000000e+00 0.000000e+00 4.125001e-01 6.500000e-01 1.075000e+00 0.000000e+00
0.000000e+00 0.000000e+00 4.125001e-01 7.500000e-01 1.075000e+00 0.000000e+00
3.538277e-03 1.444516e-03 4.125001e-01 8.500000e-01 1.075000e+00 0.000000e+00
0.000000e+00 0.000000e+00 4.125001e-01 9.500000e-01 1.075000e+00 0.000000e+00
6.307171e-03 1.820744e-03 4.125001e-01 1.050000e+00 1.075000e+00 0.000000e+00
1.515459e-03 8.749507e-04 4.125001e-01 1.150000e+00 1.075000e+00 0.000000e+00
2.906521e-03 1.186584e-03 4.125001e-01 1.250000e+00 1.075000e+00 0.000000e+00
0.000000e+00 0.000000e+00 4.125001e-01 1.350000e+00 1.075000e+00 0.000000e+00
1.329416e-03 7.675389e-04 4.125001e-01 1.450000e+00 1.075000e+00 0.000000e+00
2.622968e-03 1.070822e-03 4.125001e-01 1.550000e+00 1.075000e+00 0.000000e+00
1.156564e-02 2.225833e-03 4.125001e-01 1.650000e+00 1.075000e+00 0.000000e+00
2.215320e-02 3.014694e-03 4.125001e-01 1.750000e+00 1.075000e+00 0.000000e+00
2.320828e-02 3.074035e-03 4.125001e-01 1.850000e+00 1.075000e+00 0.000000e+00
3.262995e-02 3.625592e-03 4.125001e-01 1.950000e+00 1.075000e+00 0.000000e+00
3.034986e-02 3.436474e-03 4.125001e-01 2.050000e+00 1.075000e+00 0.000000e+00
3.078831e-02 3.420964e-03 4.125001e-01 2.150000e+00 1.075000e+00 0.000000e+00
2.957147e-02 3.285757e-03 4.125001e-01 2.250000e+00 1.075000e+00 0.000000e+00
2.546276e-02 3.000845e-03 4.125001e-01 2.350000e+00 1.075000e+00 0.000000e+00
1.964963e-02 2.536780e-03 4.125001e-01 2.450000e+00 1.075000e+00 0.000000e+00
1.217981e-02 1.815676e-03 4.125001e-01 2.550000e+00 1.075000e+00 0.000000e+00
5.449794e-03 1.189254e-03 4.125001e-01 2.650000e+00 1.075000e+00 0.000000e+00
2.395779e-03 7.985956e-04 4.125001e-01 2.750000e+00 1.075000e+00 0.000000e+00
4.169613e-03 1.076600e-03 4.125001e-01 2.850000e+00 1.075000e+00 0.000000e+00
7.568063e-04 4.369423e-04 4.125001e-01 2.950000e+00 1.075000e+00 0.000000e+00
0.000000e+00 0.000000e+00 4.125001e-01 3.050000e+00 1.075000e+00 0.000000e+00
7.091685e-04 4.094386e-04 4.125001e-01 3.150000e+00 1.075000e+00 0.000000e+00
7.461468e-04 4.307880e-04 4.125001e-01 3.250000e+00 1.075000e+00 0.000000e+00
6.913995e-04 3.991797e-04 4.125001e-01 3.350000e+00 1.075000e+00 0.000000e+00
6.508938e-04 3.757937e-04 4.125001e-01 3.450000e+00 1.075000e+00 0.000000e+00
0.000000e+00 0.000000e+00 4.125001e-01 3.550000e+00 1.075000e+00 0.000000e+00
0.000000e+00 0.000000e+00 4.125001e-01 3.650000e+00 1.075000e+00 0.000000e+00
0.000000e+00 0.000000e+00 4.125001e-01 3.750000e+00 1.075000e+00 0.000000e+00
7.779259e-04 4.491357e-04 4.125001e-01 3.850000e+00 1.075000e+00 0.000000e+00
1.529374e-03 6.243659e-04 4.125001e-01 3.950000e+00 1.075000e+00 0.000000e+00
1.452645e-03 5.930400e-04 4.125001e-01 4.050000e+00 1.075000e+00 0.000000e+00
7.170267e-04 4.139756e-04 4.125001e-01 4.150000e+00 1.075000e+00 0.000000e+00
2.055047e-03 6.850219e-04 4.125001e-01 4.250000e+00 1.075000e+00 0.000000e+00
2.012375e-03 6.707917e-04 4.125001e-01 4.350000e+00 1.075000e+00 0.000000e+00
2.582008e-03 7.453712e-04 4.125001e-01 4.450000e+00 1.075000e+00 0.000000e+00
2.446755e-03 7.063295e-04 4.125001e-01 4.550000e+00 1.075000e+00 0.000000e+00
2.418835e-03 6.982653e-04 4.125001e-01 4.650000e+00 1.075000e+00 0.000000e+00
5.808811e-04 3.353718e-04 4.125001e-01 4.750000e+00 1.075000e+00 0.000000e+00
1.666342e-03 5.554503e-04 4.125001e-01 4.850000e+00 1.075000e+00 0.000000e+00
2.594262e-03 6.698467e-04 4.125001e-01 4.950000e+00 1.075000e+00 0.000000e+00
nan nan 4.375001e-01 5.000000e-02 1.075000e+00 0.000000e+00
nan nan 4.375001e-01 1.500000e-01 1.075000e+00 0.000000e+00
nan nan 4.375001e-01 2.500000e-01 1.075000e+00 0.000000e+00
nan nan 4.375001e-01 3.500000e-01 1.075000e+00 0.000000e+00
0.000000e+00 0.000000e+00 4.375001e-01 4.500000e-01 1.075000e+00 0.000000e+00
0.000000e+00 0.000000e+00 4.375001e-01 5.500000e-01 1.075000e+00 0.000000e+00
0.000000e+00 0.000000e+00 4.375001e-01 6.500000e-01 1.075000e+00 0.000000e+00
0.000000e+00 0.000000e+00 4.375001e-01 7.500000e-01 1.075000e+00 0.000000e+00
5.545172e-03 3.201506e-03 4.375001e-01 8.500000e-01 1.075000e+00 0.000000e+00
0.000000e+00 0.000000e+00 4.375001e-01 9.500000e-01 1.075000e+00 0.000000e+00
0.000000e+00 0.000000e+00 4.375001e-01 1.050000e+00 1.075000e+00 0.000000e+00
0.000000e+00 0.000000e+00 4.375001e-01 1.150000e+00 1.075000e+00 0.000000e+00
0.000000e+00 0.000000e+00 4.375001e-01 1.250000e+00 1.075000e+00 0.000000e+00
0.000000e+00 0.000000e+00 4.375001e-01 1.350000e+00 1.075000e+00 0.000000e+00
5.989119e-03 2.445050e-03 4.375001e-01 1.450000e+00 1.075000e+00 0.000000e+00
0.000000e+00 0.000000e+00 4.375001e-01 1.550000e+00 1.075000e+00 0.000000e+00
2.475495e-03 1.429227e-03 4.375001e-01 1.650000e+00 1.075000e+00 0.000000e+00
0.000000e+00 0.000000e+00 4.375001e-01 1.750000e+00 1.075000e+00 0.000000e+00
0.000000e+00 0.000000e+00 4.375001e-01 1.850000e+00 1.075000e+00 0.000000e+00
2.001130e-03 1.155353e-03 4.375001e-01 1.950000e+00 1.075000e+00 0.000000e+00
0.000000e+00 0.000000e+00 4.375001e-01 2.050000e+00 1.075000e+00 0.000000e+00
0.000000e+00 0.000000e+00 4.375001e-01 2.150000e+00 1.075000e+00 0.000000e+00
5.492273e-03 1.830758e-03 4.375001e-01 2.250000e+00 1.075000e+00 0.000000e+00
3.517763e-03 1.436121e-03 4.375001e-01 2.350000e+00 1.075000e+00 0.000000e+00
0.000000e+00 0.000000e+00 4.375001e-01 2.450000e+00 1.075000e+00 0.000000e+00
3.714530e-03 1.238186e-03 4.375001e-01 2.550000e+00 1.075000e+00 0.000000e+00
1.231011e-03 7.107248e-04 4.375001e-01 2.650000e+00 1.075000e+00 0.000000e+00
1.349256e-03 7.789932e-04 4.375001e-01 2.750000e+00 1.075000e+00 0.000000e+00
1.110741e-03 6.412869e-04 4.375001e-01 2.850000e+00 1.075000e+00 0.000000e+00
2.119594e-03 8.653276e-04 4.375001e-01 2.950000e+00 1.075000e+00 0.000000e+00
1.005591e-03 5.805784e-04 4.375001e-01 3.050000e+00 1.075000e+00 0.000000e+00
0.000000e+00 0.000000e+00 4.375001e-01 3.150000e+00 1.075000e+00 0.000000e+00
9.564187e-04 5.521886e-04 4.375001e-01 3.250000e+00 1.075000e+00 0.000000e+00
0.000000e+00 0.000000e+00 4.375001e-01 3.350000e+00 1.075000e+00 0.000000e+00
9.243366e-04 5.336660e-04 4.375001e-01 3.450000e+00 1.075000e+00 0.000000e+00
1.009620e-03 5.829043e-04 4.375001e-01 3.550000e+00 1.075000e+00 0.000000e+00
0.000000e+00 0.000000e+00 4.375001e-01 3.650000e+00 1.075000e+00 0.000000e+00
0.000000e+00 0.000000e+00 4.375001e-01 3.750000e+00 1.075000e+00 0.000000e+00
0.000000e+00 0.000000e+00 4.375001e-01 3.850000e+00 1.075000e+00 0.000000e+00
2.030861e-03 8.290961e-04 4.375001e-01 3.950000e+00 1.075000e+00 0.000000e+00
0.000000e+00 0.000000e+00 4.375001e-01 4.050000e+00 1.075000e+00 0.000000e+00
9.164466e-04 5.291107e-04 4.375001e-01 4.150000e+00 1.075000e+00 0.000000e+00
8.563777e-04 4.944299e-04 4.375001e-01 4.250000e+00 1.075000e+00 0.000000e+00
0.000000e+00 0.000000e+00 4.375001e-01 4.350000e+00 1.075000e+00 0.000000e+00
2.448604e-03 8.162019e-04 4.375001e-01 4.450000e+00 1.075000e+00 0.000000e+00
7.600940e-04 4.388405e-04 4.375001e-01 4.550000e+00 1.075000e+00 0.000000e+00
0.000000e+00 0.000000e+00 4.375001e-01 4.650000e+00 1.075000e+00 0.000000e+00
7.002035e-04 4.042627e-04 4.375001e-01 4.750000e+00 1.075000e+00 0.000000e+00
6.474146e-04 3.737850e-04 4.375001e-01 4.850000e+00 1.075000e+00 0.000000e+00
6.349994e-04 3.666171e-04 4.375001e-01 4.950000e+00 1.075000e+00 0.000000e+00
nan nan 4.625001e-01 5.000000e-02 1.075000e+00 0.000000e+00
nan nan 4.625001e-01 1.500000e-01 1.075000e+00 0.000000e+00
nan nan 4.625001e-01 2.500000e-01 1.075000e+00 0.000000e+00
nan nan 4.625001e-01 3.500000e-01 1.075000e+00 0.000000e+00
nan nan 4.625001e-01 4.500000e-01 1.075000e+00 0.000000e+00
nan nan 4.625001e-01 5.500000e-01 1.075000e+00 0.000000e+00
nan nan 4.625001e-01 6.500000e-01 1.075000e+00 0.000000e+00
nan nan 4.625001e-01 7.500000e-01 1.075000e+00 0.000000e+00
nan nan 4.625001e-01 8.500000e-01 1.075000e+00 0.000000e+00
0.000000e+00 0.000000e+00 4.625001e-01 9.500000e-01 1.075000e+00 0.000000e+00
0.000000e+00 0.000000e+00 4.625001e-01 1.050000e+00 1.075000e+00 0.000000e+00
0.000000e+00 0.000000e+00 4.625001e-01 1.150000e+00 1.075000e+00 0.000000e+00
0.000000e+00 0.000000e+00 4.625001e-01 1.250000e+00 1.075000e+00 0.000000e+00
0.000000e+00 0.000000e+00 4.625001e-01 1.350000e+00 1.075000e+00 0.000000e+00
0.000000e+00 0.000000e+00 4.625001e-01 1.450000e+00 1.075000e+00 0.000000e+00
0.000000e+00 0.000000e+00 4.625001e-01 1.550000e+00 1.075000e+00 0.000000e+00
0.000000e+00 0.000000e+00 4.625001e-01 1.650000e+00 1.075000e+00 0.000000e+00
0.000000e+00 0.000000e+00 4.625001e-01 1.750000e+00 1.075000e+00 0.000000e+00
0.000000e+00 0.000000e+00 4.625001e-01 1.850000e+00 1.075000e+00 0.000000e+00
0.000000e+00 0.000000e+00 4.625001e-01 1.950000e+00 1.075000e+00 0.000000e+00
0.000000e+00 0.000000e+00 4.625001e-01 2.050000e+00 1.075000e+00 0.000000e+00
0.000000e+00 0.000000e+00 4.625001e-01 2.150000e+00 1.075000e+00 0.000000e+00
0.000000e+00 0.000000e+00 4.625001e-01 2.250000e+00 1.075000e+00 0.000000e+00
0.000000e+00 0.000000e+00 4.625001e-01 2.350000e+00 1.075000e+00 0.000000e+00
0.000000e+00 0.000000e+00 4.625001e-01 2.450000e+00 1.075000e+00 0.000000e+00
0.000000e+00 0.000000e+00 4.625001e-01 2.550000e+00 1.075000e+00 0.000000e+00
0.000000e+00 0.000000e+00 4.625001e-01 2.650000e+00 1.075000e+00 0.000000e+00
0.000000e+00 0.000000e+00 4.625001e-01 2.750000e+00 1.075000e+00 0.000000e+00
0.000000e+00 0.000000e+00 4.625001e-01 2.850000e+00 1.075000e+00 0.000000e+00
0.000000e+00 0.000000e+00 4.625001e-01 2.950000e+00 1.075000e+00 0.000000e+00
0.000000e+00 0.000000e+00 4.625001e-01 3.050000e+00 1.075000e+00 0.000000e+00
0.000000e+00 0.000000e+00 4.625001e-01 3.150000e+00 1.075000e+00 0.000000e+00
1.645709e-03 9.501505e-04 4.625001e-01 3.250000e+00 1.075000e+00 0.000000e+00
1.446865e-03 8.353476e-04 4.625001e-01 3.350000e+00 1.075000e+00 0.000000e+00
0.000000e+00 0.000000e+00 4.625001e-01 3.450000e+00 1.075000e+00 0.000000e+00
0.000000e+00 0.000000e+00 4.625001e-01 3.550000e+00 1.075000e+00 0.000000e+00
0.000000e+00 0.000000e+00 4.625001e-01 3.650000e+00 1.075000e+00 0.000000e+00
2.329846e-03 9.511627e-04 4.625001e-01 3.750000e+00 1.075000e+00 0.000000e+00
0.000000e+00 0.000000e+00 4.625001e-01 3.850000e+00 1.075000e+00 0.000000e+00
0.000000e+00 0.000000e+00 4.625001e-01 3.950000e+00 1.075000e+00 0.000000e+00
0.000000e+00 0.000000e+00 4.625001e-01 4.050000e+00 1.075000e+00 0.000000e+00
1.289128e-03 7.442786e-04 4.625001e-01 4.150000e+00 1.075000e+00 0.000000e+00
0.000000e+00 0.000000e+00 4.625001e-01 4.250000e+00 1.075000e+00 0.000000e+00
0.000000e+00 0.000000e+00 4.625001e-01 4.350000e+00 1.075000e+00 0.000000e+00
0.000000e+00 0.000000e+00 4.625001e-01 4.450000e+00 1.075000e+00 0.000000e+00
1.050957e-03 6.067701e-04 4.625001e-01 4.550000e+00 1.075000e+00 0.000000e+00
9.645356e-04 5.568749e-04 4.625001e-01 4.650000e+00 1.075000e+00 0.000000e+00
0.000000e+00 0.000000e+00 4.625001e-01 4.750000e+00 1.075000e+00 0.000000e+00
0.000000e+00 0.000000e+00 4.625001e-01 4.850000e+00 1.075000e+00 0.000000e+00
3.855027e-03 2.225701e-03 4.625001e-01 4.950000e+00 1.075000e+00 0.000000e+00
nan nan 4.875001e-01 5.000000e-02 1.075000e+00 0.000000e+00
nan nan 4.875001e-01 1.500000e-01 1.075000e+00 0.000000e+00
nan nan 4.875001e-01 2.500000e-01 1.075000e+00 0.000000e+00
nan nan 4.875001e-01 3.500000e-01 1.075000e+00 0.000000e+00
nan nan 4.875001e-01 4.500000e-01 1.075000e+00 0.000000e+00
nan nan 4.875001e-01 5.500000e-01 1.075000e+00 0.000000e+00
nan nan 4.875001e-01 6.500000e-01 1.075000e+00 0.000000e+00
nan nan 4.875001e-01 7.500000e-01 1.075000e+00 0.000000e+00
nan nan 4.875001e-01 8.500000e-01 1.075000e+00 0.000000e+00
nan nan 4.875001e-01 9.500000e-01 1.075000e+00 0.000000e+00
nan nan 4.875001e-01 1.050000e+00 1.075000e+00 0.000000e+00
nan nan 4.875001e-01 1.150000e+00 1.075000e+00 0.000000e+00
nan nan 4.875001e-01 1.250000e+00 1.075000e+00 0.000000e+00
nan nan 4.875001e-01 1.350000e+00 1.075000e+00 0.000000e+00
nan nan 4.875001e-01 1.450000e+00 1.075000e+00 0.000000e+00
nan nan 4.875001e-01 1.550000e+00 1.075000e+00 0.000000e+00
nan nan 4.875001e-01 1.650000e+00 1.075000e+00 0.000000e+00
nan nan 4.875001e-01 1.750000e+00 1.075000e+00 0.000000e+00
nan nan 4.875001e-01 1.850000e+00 1.075000e+00 0.000000e+00
nan nan 4.875001e-01 1.950000e+00 1.075000e+00 0.000000e+00
nan nan 4.875001e-01 2.050000e+00 1.075000e+00 0.000000e+00
nan nan 4.875001e-01 2.150000e+00 1.075000e+00 0.000000e+00
0.000000e+00 0.000000e+00 4.875001e-01 2.250000e+00 1.075000e+00 0.000000e+00
0.000000e+00 0.000000e+00 4.875001e-01 2.350000e+00 1.075000e+00 0.000000e+00
0.000000e+00 0.000000e+00 4.875001e-01 2.450000e+00 1.075000e+00 0.000000e+00
0.000000e+00 0.000000e+00 4.875001e-01 2.550000e+00 1.075000e+00 0.000000e+00
0.000000e+00 0.000000e+00 4.875001e-01 2.650000e+00 1.075000e+00 0.000000e+00
0.000000e+00 0.000000e+00 4.875001e-01 2.750000e+00 1.075000e+00 0.000000e+00
1.253072e-02 7.234612e-03 4.875001e-01 2.850000e+00 1.075000e+00 0.000000e+00
0.000000e+00 0.000000e+00 4.875001e-01 2.950000e+00 1.075000e+00 0.000000e+00
0.000000e+00 0.000000e+00 4.875001e-01 3.050000e+00 1.075000e+00 0.000000e+00
0.000000e+00 0.000000e+00 4.875001e-01 3.150000e+00 1.075000e+00 0.000000e+00
0.000000e+00 0.000000e+00 4.875001e-01 3.250000e+00 1.075000e+00 0.000000e+00
3.912782e-03 2.259046e-03 4.875001e-01 3.350000e+00 1.075000e+00 0.000000e+00
0.000000e+00 0.000000e+00 4.875001e-01 3.450000e+00 1.075000e+00 0.000000e+00
0.000000e+00 0.000000e+00 4.875001e-01 3.550000e+00 1.075000e+00 0.000000e+00
0.000000e+00 0.000000e+00 4.875001e-01 3.650000e+00 1.075000e+00 0.000000e+00
0.000000e+00 0.000000e+00 4.875001e-01 3.750000e+00 1.075000e+00 0.000000e+00
0.000000e+00 0.000000e+00 4.875001e-01 3.850000e+00 1.075000e+00 0.000000e+00
0.000000e+00 0.000000e+00 4.875001e-01 3.950000e+00 1.075000e+00 0.000000e+00
2.133025e-03 1.231502e-03 4.875001e-01 4.050000e+00 1.075000e+00 0.000000e+00
0.000000e+00 0.000000e+00 4.875001e-01 4.150000e+00 1.075000e+00 0.000000e+00
0.000000e+00 0.000000e+00 4.875001e-01 4.250000e+00 1.075000e+00 0.000000e+00
0.000000e+00 0.000000e+00 4.875001e-01 4.350000e+00 1.075000e+00 0.000000e+00
1.810630e-03 1.045368e-03 4.875001e-01 4.450000e+00 1.075000e+00 0.000000e+00
0.000000e+00 0.000000e+00 4.875001e-01 4.550000e+00 1.075000e+00 0.000000e+00
0.000000e+00 0.000000e+00 4.875001e-01 4.650000e+00 1.075000e+00 0.000000e+00
0.000000e+00 0.000000e+00 4.875001e-01 4.750000e+00 1.075000e+00 0.000000e+00
0.000000e+00 0.000000e+00 4.875001e-01 4.850000e+00 1.075000e+00 0.000000e+00
nan nan 4.875001e-01 4.950000e+00 1.075000e+00 0.000000e+00
